0.5496851880544978
0.7134714122387398
0.9164401147680662
1.0008295015663975
1.036830077447673
1.0590503306120445
1.0991502789994172
1.1598915264216112
1.282804997466883
1.4908859429184838
1.6832055966773467
1.9203790842431812
2.15684431919461
2.312370131253273
2.298853310291237
2.468808602388002
3.0779532378975407
3.197778072321923
3.3077060570416887
3.340067325612699
3.539317669171251
3.746469649161024
4.31523164513063
6.441401520224929
0.3151725546972828
0.7520994490338994
1.016126920132895
1.1435965792086846
1.320691817677743
1.5612940704259741
2.076810740769941
2.4013510953952757
2.6154877913831047
2.8113256250751673
3.0034572448306793
3.1671346985469797
3.483328730371203
3.843482507585978
4.249411821947702
5.066042626606245
5.735587034051205
6.043418073496908
6.116847681923765
6.173022441571371
6.256862327042946
6.348473039942853
7.152287387406134
8.975818389048845
0.3759014203366132
0.8702280392441364
1.082032593691286
1.3611664176613925
1.6152360942609105
1.7631474690274205
2.107663664882788
2.4446554035139187
2.672895757739847
2.8824879996438026
3.0774033246876016
3.2390625988528674
3.452458204839156
3.8668157594425874
4.445517807440079
5.083219773532861
5.642474444882953
6.1042731087676785
6.328412033041717
6.421390742002061
6.607101374444437
6.961684668961719
7.952088221504179
9.332891745615283
0.409982995282509
1.1128454819140126
1.6696373741462194
2.1297190571516027
2.3908722687468273
2.491303109103495
2.70398922121047
2.9589973377043943
3.1583523152692585
3.3379976487493552
3.624907578940618
3.9345374299789575
4.296483390374861
4.711437341815829
5.155558731324146
5.706351519372625
6.110636989931134
6.78513137650582
7.726566391659063
8.224364325662043
8.593655253962359
8.886654151895641
9.111312283556158
9.675815787622488
0.5179148630583653
1.5162513588718098
2.32333277200859
2.79268649843655
3.110177518854773
3.300577455971428
3.4247152571723047
3.4852019559519354
3.5227609486293745
3.633940992523781
3.9842643384925314
4.493560880275977
4.962181772345639
5.341427951386922
5.814209250388637
6.465693362249691
7.079260832496943
7.485737850873709
7.806524385597598
8.25223980846697
8.773932697191063
9.176194794731583
9.404292534069326
9.753737105504655
0.4336175184519997
1.3085397538422976
2.0216548024390115
2.4167954305750827
2.779772669027884
3.0026916389876535
3.115546215815824
3.204576654828372
3.2577022721109548
3.4917037550988863
3.9272260064472255
4.529305791137515
5.258918608866326
5.9911812965179605
6.758551954027668
7.337481209134865
7.762522648036763
8.097275008393828
8.393616502319336
8.699137723749448
9.037453716811406
9.314666042964124
9.560548501448944
9.854738095223729
0.35293088839216313
1.2232795050846077
1.9648385337666456
2.2412010296413363
2.5041143196139557
2.8272994212980027
3.072903501842947
3.3438500342147424
3.6625468994797283
3.9227605796635783
4.163979078410772
4.591462640141965
5.596439438857233
6.754782336925773
7.804816653696713
8.218664133841049
8.548910558630265
8.856113177487902
8.982118830628824
9.052158368192178
9.090980470846386
9.165531939531164
9.459016338661735
9.845318328560149
0.14685515922273773
1.061346160584212
2.091276697860026
2.4792983761018306
2.664852294715982
2.850675271866462
3.0799372390022945
3.352863983474847
3.6875858910272927
4.045772104628788
4.274208146313606
4.413948804352793
5.14240011939905
6.386091508519901
7.50785780105039
8.026863970776912
8.335281030410165
8.532106808400028
8.653328387362548
8.765429225882786
8.937513819612473
9.109130746318023
9.391470570216342
9.787336869612643
0.40767511812104573
1.4821273684197136
2.4467332478615944
2.8674162904058154
3.1304477771062826
3.3477752534488863
3.6129987701103468
3.9111811455945875
4.095374578485042
4.370706876138805
4.6671780401328995
5.114096333210951
5.524882819391251
6.38805963322814
7.2997583715648
7.791891726250745
8.149860379710434
8.433204248247952
8.649178939607392
8.828816578512063
9.15938423261788
9.53987992676519
9.786021464481427
9.95119365219325
0.5765535702207625
1.887169966342736
2.960483053323595
3.474090984670844
3.716367658724003
3.929825476599599
4.157537653064248
4.335132628665087
4.403700889467195
4.494715733885104
4.691206232525924
5.035954350349728
5.68796423945206
6.487712262902164
7.146972461674129
7.490322958042297
7.7226780329146525
8.044688383413668
8.515178220866186
8.956896924201459
9.382909586565138
9.734013138148743
9.84042400216585
9.945390766216056
0.4377029165910786
1.7199052461126523
2.6867805138028746
3.1697855722590624
3.500508720832847
3.62453757071348
3.6566331964197736
3.688249773556279
3.738729222713424
3.8823944724332384
4.233383109680333
4.884003718336405
5.6220331744489265
6.53807694916336
7.542591557990338
8.021805544535228
8.257190015323511
8.591075560600688
8.929631110462177
9.187084081901451
9.452822908172
9.651450181054134
9.806831238285529
9.939762847447048
0.34094237867647215
1.115413859491892
1.7745250303303257
2.0963241486840367
2.411980112539657
2.69976401934467
2.8402196023403854
2.932766150529163
3.064082701046311
3.2228378061373264
3.7273809457528055
4.493117163822926
5.549072802894565
6.947540813452753
8.248430559692808
8.558242898574566
8.79289906610907
9.058556548967768
9.309434476876506
9.401932621239371
9.470629112941813
9.569424394990545
9.728895231378068
9.921206169797047
0.1394554230808425
0.45496882340873596
0.6928298143901876
0.8010872172333421
1.0218145178648776
1.6402351044274341
2.430527852280933
2.8705407465361703
3.0154784034605266
3.118303254559122
3.212454733104998
3.3137826589391737
4.238542366352837
5.759924024362969
6.839297924677399
8.009726052031988
8.536595064301853
8.796374940626825
8.83009808196196
8.875451610899429
8.967292971749545
9.190209528146216
9.548121942828972
9.876643141078715
0.4784648001128403
1.1929757979862525
1.9744793660225333
2.3944501671041047
2.895515766084203
3.4440518095548085
3.593578240904036
3.890709326889151
4.023454293108902
4.164245457331173
4.51205866299674
4.8741449766270835
5.326025547482271
5.952584392309573
6.70362813758017
7.459835987858607
7.845727729912589
8.064339839763633
8.045032629307055
8.144347124136551
8.404561397293891
8.985499709272867
9.544808993801084
9.894183612910062
1.033789599662692
2.8423729559968565
3.714632168806837
3.905684243229784
4.2108103034965545
4.4814601284451445
4.621191288508481
4.784116546615495
4.966559315458246
5.186315909727646
5.569895133571529
5.909713437141683
6.136164906457868
6.351714459832723
6.6013701881507005
6.990459654514921
7.310275113595605
7.551352127600905
7.782322688179271
8.009269358890656
8.343742485499718
8.962483386508481
9.528546712141752
9.834742148301395
0.6164993418768162
1.6414071520645097
2.466757550876072
3.3818095779994697
3.856963283695496
4.041129206971017
4.02759430407015
4.026676515133726
4.033570173785245
4.2058753839152985
4.536737645377831
4.981220978519202
5.761355810476966
6.681823855427914
7.430072586449578
7.641518331637849
7.849673232079732
8.11249090546053
8.379236525031338
8.460817444441098
8.746621725952668
8.938347546084175
9.280963490037166
9.786688707502464
0.37504273430670654
0.9514876413477079
1.4828504180450675
1.9930333859309355
2.4246454883991255
2.5159188918739432
2.180050188259298
2.425462487697993
2.7030733055254617
3.0171738403902584
3.1917806834074733
4.147339958732801
5.72331301830277
7.253038845249782
8.310665687053898
8.480982658531332
8.560784009095846
8.655332594917894
8.74565172090274
8.807839219685878
8.90674157117123
9.0438172342922
9.367114554701708
9.808753102728316
0.1498044703912171
0.4091032369600314
0.6178850438213502
0.8688501267370217
1.269319791065389
1.6130639966936242
1.9676468561403582
2.346618327612113
2.5841434369197622
2.774308382667712
2.938931080417232
3.2233765936048098
4.508693452987511
5.816531408907369
7.006361308263183
7.8164498260694915
8.35569892846659
8.624710875834053
8.749961260672253
8.837487670856119
8.943023647245822
9.094891196274828
9.444439404559114
9.847841829561357
0.402137390029266
1.0667968341310374
1.5630248436400367
1.9695523922854952
2.3870872304335373
2.646567572678048
2.901079085381297
3.1890515443836565
3.356827128707489
3.449500778637132
3.7176502301516505
4.013919506890711
5.34655794656066
6.130949495428498
6.72191301463659
7.2077335440902335
7.577362991764764
7.9773232272238115
8.345289687920259
8.650287072524192
8.966440542446009
9.221665447465966
9.426999250821122
9.796984595494953
0.6995732781609987
1.8294983609020612
2.550284402766602
3.0926245850426386
3.467469274642455
3.7778750065948343
4.02364577821992
4.164199863322129
4.246339488593544
4.383655376961867
4.79547619699196
5.360861539295198
5.974646624007187
6.4332663208003185
6.602131952996103
6.873100276987849
7.26724047578251
7.720173599214461
8.232043972248622
8.610510354731387
8.935356634212773
9.185617537071325
9.338127068155446
9.717747942601594
0.5074089314336777
1.292420206884483
1.856942362165948
2.542907178727696
3.140853346197905
3.463167406994321
3.512929811755408
3.538659785305644
3.6008121910197386
3.685442088655577
3.9276386219473345
4.328205156809018
5.227889911523657
6.159610179798793
6.914093096302885
7.44835767106945
7.90181301273584
8.312891513220714
8.612337422927874
8.809979437243207
9.015952729810866
9.166195223763767
9.434106957855448
9.788282775103083
0.305967410242697
0.7477223172361699
1.2410597303356607
1.7292569304717376
2.0450924218835245
2.2416740781669584
2.38732805760467
2.5050497290502154
2.620183314279446
2.85009198301865
3.3123485082337796
4.051640547871751
4.910662939877053
6.1805952284659655
7.254963518928699
7.890115113378867
8.527744207104071
8.87420441108234
9.028795580404406
9.167028815659796
9.236937844851438
9.324767116024015
9.619699262035853
9.918640341420657
0.144682967277338
0.3986455239145501
0.6230418802426453
0.9094922184608715
1.2749106349091734
1.5693253936954514
1.7789473562026765
2.037135536112201
2.3035760352870858
2.4830864976321725
2.6869769886742016
2.879521247544305
4.16893787932264
5.385653999841176
6.420138779804964
7.435585337127086
8.32452536361749
8.719572712445855
8.86511305798682
8.949328887153458
8.990369777017033
9.11608607620015
9.443996453431138
9.825591501326407
0.12853123452518755
0.8270148551781782
1.389964726607208
1.6901450540486143
2.0244150811686348
2.1996656329036055
2.2695000446664677
2.513343918011134
2.7269778884692295
2.9076491567621705
3.1737752942888253
3.58260088929905
4.4421894812124005
5.517402266807434
6.4983392253196435
7.356467703170109
7.842180331691254
8.053708778536908
8.203661558082516
8.449550821988922
8.66271040628439
9.008265589309586
9.565847047903315
9.915766017465442
0.5592611924952396
1.546017743541002
2.1790906417151708
2.5656327710774254
2.791391024436267
2.970595662020426
3.060803799630685
3.1139732959588997
3.205090249598447
3.3486902293986276
3.7844289460743794
4.4293343232029265
5.124073521914376
5.805260843046748
6.639970791487712
7.382341918444379
7.626770939990283
7.783462447578807
7.940071746906672
8.10525541461879
8.368699468254789
8.80723622046072
9.40459060579272
9.867405257978941
0.3104603396905465
1.0355344303757315
1.8191199193572156
2.4127474923408294
2.727567797331758
2.903827332789333
3.010499366161314
3.100292907357864
3.20427982505537
3.4542382875906026
3.9641664776443744
4.630554299297053
5.229557986377845
6.214233264349614
7.021830788310491
7.431324116096866
7.8076314304019325
7.9864595974894605
8.114566349495538
8.293807293857888
8.547950374153116
8.874161645558363
9.393662434559223
9.841134262714466
0.29377940397084756
0.8785993810562828
1.4693893309055588
2.13100767127386
2.400136515073361
2.4978455498288996
2.5597316831656443
2.673357932178968
2.8869626253595233
3.4648781675472553
4.334096454788684
5.06244326614488
5.950780266535189
6.880789645000084
7.44648809503108
7.795190395874562
8.06555297353181
8.28466728254487
8.371041239661778
8.44744412695256
8.617691433768758
8.919092151544078
9.369907086480495
9.82708501058811
0.20526859120091884
0.5115873510210547
1.3095957677478764
2.0816505113213366
2.1853836885035256
2.248935030488745
2.3074779269424255
2.389490788671191
2.5949569692762218
2.9700122129048516
3.417546065297045
3.916975192184933
5.02174558554733
6.3871826120436115
7.2756971737287905
7.779146462132942
8.063010362530784
8.311562373080186
8.517522791036543
8.573577863472641
8.645129747222702
8.808313297959439
9.181645777934948
9.725587705955784
0.2531160517465865
0.7814416199987138
1.2347329668115712
1.5982539223479841
2.064880100332836
2.3006971704725467
2.4210962148949093
2.715042559996616
2.917677092620484
3.237029389452317
3.6336895898236246
4.350241424733256
5.294857754278374
6.30932750718776
7.197439766769261
7.822253871490007
8.062777565440413
8.266119798971296
8.453570716696648
8.651095320986235
8.864903562906116
9.064131799872003
9.356320789513683
9.72947070183302
0.3530520363037447
1.0703275054737498
1.5741470347220377
1.858089179867578
2.1902722744387306
2.3977231128978596
2.444670976223891
2.557067238405944
2.8201028963939065
3.4141611846841786
4.404949917116724
5.178701934338657
5.646682967270066
6.2475793364796655
7.207963569435598
7.951427708563804
8.0873535746011
8.179422274518503
8.29884887127396
8.481679433703919
8.678497205632521
8.936493548397376
9.204824987812268
9.658124893538966
0.3201128367521134
0.91183319293442
1.4493687026385653
1.8059961865864074
2.0929987132403904
2.361824380344307
2.573162426686831
2.65440372574627
2.8556810748166797
3.3081962748147933
3.99824070090714
4.858824001043912
5.705700553242322
6.405151696850289
7.013303156438355
7.472090448557747
7.816244170410693
8.00560332717683
8.187405683545034
8.458302150676735
8.690161326152834
8.939826761461529
9.15496435365034
9.66283777635595
0.2213732977233749
0.7528194105501247
1.3371090800313166
1.7138343618587124
1.942928193695688
2.208236384298807
2.5016350009676387
2.9045884569063007
3.266614294063549
3.4495594736324944
3.747110171365843
4.676410781444701
5.917433550086346
6.491206341355451
6.999439955879198
7.392708171869231
7.680525128302133
7.828412303869319
7.922606771081362
8.037888985920224
8.194741592677326
8.629608399020443
9.304503198716285
9.829816194469199
0.21144944379825156
0.7400450641012006
1.2942076909655122
1.656225030254254
1.858884649596687
2.0404016414921577
2.385293766769034
2.7208623803916105
2.8458584450865145
2.961663095681252
3.1435486806137427
3.302236864881067
5.586256637075685
6.509347693401406
7.031729945851251
7.415117003144094
7.663658675334014
7.940091195761757
8.150544650206019
8.288154628758132
8.566996465320102
8.98063951938156
9.35685947593632
9.775633128817782
0.16629614487202743
0.5746311142437662
0.8829774205982249
1.2250991548569587
1.498120409099445
1.7834483513947277
2.154459451924188
2.5716379497686885
2.9788538365616932
3.298899999974346
3.8274618969897003
4.274110799484262
5.655190687451162
6.740185512276664
7.203988109086616
7.408518223224675
7.752999502979481
8.09496390103519
8.422289379269053
8.905207386814405
9.335803320381347
9.597165446881622
9.827077201895197
9.962995383270218
0.20037099267120403
0.5098947504648444
0.682512308413284
0.8686941548131978
1.1087986063496476
1.4383536776217936
1.874149705142635
2.203349607745105
2.480000713782582
3.3395440877843834
4.584973782460206
5.695023058126532
6.495325337577457
7.070612588751977
7.532786217503888
7.774043939158757
7.976311494484191
8.253726640471747
8.668255411769453
9.012429908602952
9.226467990789791
9.405536469893265
9.561798177903782
9.814652985774796
0.2270428637081283
0.5416519365341277
0.8420495438314538
1.2481890110863036
1.5469088750391213
1.8119863154380487
2.033599011146932
2.44688397098058
3.1419992262142458
3.91463674622263
4.656952012941715
5.283063961854989
5.768995859976757
6.1685808266275215
6.512097145562327
6.818484370139668
7.122628251848216
7.450317718823572
7.951671904966755
8.427110804310207
8.795436076610713
9.205640876227394
9.503590796261799
9.829026889051587
0.29394320801494406
0.7698102663539442
1.0537316517645
1.2963714817420045
1.6469299275773803
2.1286168707657636
2.7891129481946666
3.4122686330346044
3.7250842410960434
4.128068925333394
4.62611349443752
5.058978851425968
5.359091874722248
5.504548905969111
5.583901044388009
5.93210147546424
6.257068034247573
6.50019455762045
6.845403504496783
7.353753555638495
7.900568486534698
8.532046092374804
9.336236492406513
9.896932479755058
0.21714394202002874
0.6873145374589988
1.170968597380909
1.5075515660741747
1.8252400389060057
2.235799753957134
2.59925826995427
3.0286097586824994
3.3898726228809837
3.59800427687461
3.7364090501523104
3.8069403462177442
4.898837596223138
5.5242437835164475
5.851669602546808
6.262364136787395
6.7280963358519115
6.962810950864127
7.172819314700903
7.751612033669943
8.296396096678327
8.950835514913527
9.551259630031597
9.89242530698042
0.12680318805889262
0.4845309154056254
0.8888929442720654
1.179895241639752
1.4988173065017376
1.7981990210540113
2.256175191064687
2.8133987255272337
3.260725328161695
3.8065240161756497
4.402328470768835
4.8964151618401965
5.39022816798116
5.864111514454495
6.289483725533439
6.659759042440606
6.820527466934406
7.211103548126083
7.919948849701689
8.4935352065432
8.826561618391429
9.379190059275384
9.816368510107498
9.978697177079194
0.04087231589061535
0.18780039824387776
0.4700630413373081
0.8281763388446293
1.1415824664918304
1.3784392561340761
1.6146764072804523
2.4066202828273497
3.2237984096918986
4.1238023830485115
5.115040034827511
5.698696648688107
5.937289784815788
6.100671796844363
6.308020897107364
6.58349099227918
6.941765734207983
7.418229651383743
8.195190860785235
8.856723087874139
9.204956278058708
9.51176945489526
9.689579908549478
9.870975192449643
0.08143515716713816
0.3221851329328073
0.619145392227052
1.045416631248805
1.3268608344967352
1.5705397776017305
1.8561600011142734
2.3854847280109803
3.1906742003761783
4.259783010585041
5.130677325541251
5.581727140775596
5.852730112391351
6.011692412750915
6.244488574595713
6.570271734003441
6.917509964081592
7.310180026444185
7.898385350421354
8.396910779847001
8.976773887861796
9.402669986298168
9.706114453551299
9.929615662496172
0.11680742588330885
0.40428728564995275
0.7360874653880639
1.0699997776035215
1.3852879752873584
1.7097150712396445
2.136904770374015
2.5250696328762143
3.2322495532266604
4.431599802085052
5.2980313287037895
5.458880397149034
5.69371539324404
5.861576050668687
6.105892044136494
6.522166163127757
6.927177769637329
7.180573452580238
7.514292424299432
8.098367923887789
8.75635032407112
9.227740348304321
9.591846639458657
9.925504094959463
0.07382858109470197
0.27681565580344203
0.5160185955927276
0.8210006619639488
1.3179340275542288
1.8914435343220048
2.5030172683955936
3.0311107251722156
3.35310609535507
3.6260801195771646
3.822676155296082
4.048825184838335
5.540328319942972
6.061875450938588
6.41573709913264
6.684588753090889
7.034044644024839
7.2607279331119345
7.471053641216886
7.924325810270186
8.547108776928116
9.104703721765052
9.58074292133531
9.915101286241054
0.13464942315799633
0.40631007372137057
0.6357796131435761
0.9541537040668
1.4122400044321517
1.9099009713328352
2.550320200118834
3.078724822142089
3.4807848164371107
4.069528072906963
4.657167010143818
5.129607532070198
5.731510617939873
6.177417416023516
6.551066477374819
6.863863931422559
7.09580325717849
7.272715117965085
7.49378078913595
7.867686749043564
8.559359115848457
9.214085283248835
9.578641427894198
9.875206908744078
0.09109545158839523
0.4001263218171988
0.7615370350261847
1.0818621686246854
1.4534362798598346
1.8518249808987237
2.467255087433538
3.033239730136528
3.516641969087837
4.107887213106609
4.688125670353204
5.256758628902811
5.684703100584127
6.049390320058256
6.431727517632465
6.868393113941859
7.333630134101394
7.665175555975999
7.983230252813491
8.348237184203507
8.769381847582496
9.418392502535248
9.842411488166197
9.960063393625497
0.1362270679173893
0.4918122968404041
0.8685961844547404
1.1812351984954177
1.5032222672325979
1.8783699679826114
2.2906282423055084
2.708065566601771
3.4202313642765247
4.189090102346475
4.876873290033735
5.570961361801986
5.9689063791722505
6.238363974894873
6.535073581491718
6.942080670126109
7.301243607746942
7.5685450571494295
7.786623101613577
8.10248406658634
8.513775929010652
9.09597086534578
9.695926305884855
9.880073782966878
0.13429021554609402
0.5396203595816451
0.9782808778631391
1.2981443028555704
1.5472866426309992
1.6864549309849748
1.8490902857031617
2.433258889500982
3.327562537545917
4.351057819882219
5.124384418625235
5.369917410112758
5.672011017466854
6.152441583248561
6.631588807240609
7.042275997647337
7.361837040288905
7.565581903931814
7.733046020831952
8.060286955675537
8.517125175414042
8.965701474440584
9.405326964171499
9.80793693166279
0.21122699781597204
0.5524704784942975
0.8632653784835497
1.1657617918768652
1.411053026067892
1.7458766232814824
2.1445443447044994
2.8531014407970754
3.6298334721916174
4.175077593654135
4.453146588878355
4.5429381156768125
5.362940477028221
6.072941493804504
6.536649426752688
6.884011245516612
7.150445803367958
7.4401108078499085
7.787488066333072
8.31339191355524
8.989232518799069
9.351005713691181
9.666191885009274
9.900676990679628
0.2807077686766908
0.6631437429631174
0.8372419548064474
1.1932987653306533
1.5632946393552247
1.8501592013368615
2.103410508669117
2.6807903913772875
3.805565295963069
4.728978218179588
5.153298309789187
5.477914946403961
5.7897635755681165
6.1773040654601195
6.443478279970674
6.774021012676868
7.078658726376181
7.314716074480234
7.652224934398039
8.18254897453656
8.786687624879148
9.269558433697375
9.592219164742636
9.85660221307235
0.20985306377756952
0.5978725695484215
0.9045690013214639
1.2773875570163344
1.702967024803927
1.931298779348931
2.073192667113789
2.6884415699138646
3.8174108984542956
4.632919666711824
5.015952752529646
5.285198618044762
5.57180192812678
5.9922553679745
6.363443908906732
6.700614980734283
7.10689254349516
7.473543854862928
7.9003932082284996
8.472762538704716
9.022734178736123
9.531434070222108
9.838370671105208
9.965721233016126
0.17186709643238798
0.48681614632128867
0.9110651214398805
1.4100377681916885
1.8470077160586014
2.2631119274653537
3.054819502463402
4.224760794482489
4.524089484847864
4.7909065244311515
5.213660152709328
5.57251509882865
5.889026402257444
6.309341654904057
6.686198421262157
6.96947165665803
7.2769447960741145
7.573546432151738
7.841987176920978
8.241682507146974
8.907553403044615
9.511109084913587
9.744042431582653
9.921631481443507
0.134256574855234
0.4085773817793981
0.9176576610607688
1.5604244341881537
2.027049952314808
2.5891531645522305
3.2639560356223423
3.92666155548757
4.516695129876006
4.951557882330636
5.306907103572522
5.6459493335524105
5.96843860074176
6.377682479240652
6.827240486715712
7.087087817723653
7.349290177266547
7.604094415137789
7.801922407187993
8.034780593950229
8.45522960543288
8.8895117708648
9.179418928192485
9.657611353176174
0.14457242633405307
0.4025525121518647
0.7797830188342403
1.5421796457909547
2.1465166834760367
2.6608432328551483
3.178996238689657
3.867843212367657
4.548715670087266
4.8161339631075455
4.930019097074491
4.992051178380498
5.503812534969209
6.117291963738806
6.541459100987175
6.8749706827029655
7.160187300048042
7.485981786658355
8.059412917652127
8.697817927713766
8.969477641272556
9.260216855656124
9.604593417711719
9.88184847733228
0.21909528729936048
0.6921114710041598
1.2913942450840454
1.9379400164607772
2.4038134889237748
2.792184472452442
3.1769239569639023
3.7690673902919407
4.228425181968014
4.49038652000886
4.7364358792627606
4.926978691792191
5.298731346487356
5.884722445241581
6.374021326985254
6.673572066760684
6.9215987725051695
7.36667467433491
8.012818359998867
8.719655504470873
9.27594471210487
9.669673580746796
9.8690178265717
9.970922195633236
0.23810889669912905
0.7816112986969366
1.5646260413021507
2.28829030877761
2.54562985093911
2.8088507661893525
3.0609074231043376
3.296723519717213
3.611879487417783
3.8873550534856633
4.25410329189929
4.955120572322167
5.484660661617156
5.800065950944948
6.300310507686248
6.746580499848921
7.216451734022857
7.540157336214002
8.03209949984139
8.757061891589762
9.386088022701799
9.67956354445316
9.795390520770688
9.918773795141123
0.2088370980147055
0.6053153968688809
1.0876124836567977
1.5287483041634269
1.8929039976752942
2.323619380468933
2.671551906806381
3.021974544053821
3.4637327919935053
4.0622657825700585
4.669700962088304
5.240937084997317
5.6003203602841065
6.13351623286733
6.73466713629874
7.2629511288582265
7.684819355201526
8.101616312546655
8.356132032969477
8.829323094328405
9.257098324341062
9.512050390469687
9.701766341305994
9.881134590247646
0.1120810431854527
0.3519697756424559
0.6097670615479024
0.8533587041851259
1.0969893563767803
1.5169929227718026
2.161622720365852
2.926908543426991
3.737459833915817
4.408585357358626
4.789048469802812
5.176645560039101
5.861155161656542
6.615587389719304
7.1370762057768165
7.499830077524173
7.640802465629705
7.744137182865417
7.843026172792527
7.969905903466631
8.260748917344781
8.829407975771343
9.49063341560528
9.903898286893476
0.15046667682752934
0.3852422209797961
0.5515636952130804
0.8338228580298517
1.269705255652443
1.7408709498927708
2.3662794173397885
3.0018432978141405
3.3801426261428387
3.698613192382391
3.954002538055766
4.299509922726512
5.046011196302587
5.627825686096515
6.262636482303247
6.734748310450971
6.951545495148295
7.217176491032003
7.575628899546876
8.005455093132058
8.469534237806963
9.002330543211208
9.497919784798944
9.857049306859379
0.2125016692846339
0.6571863304005727
1.0361289146889565
1.5240109307476686
1.9889111860655535
2.4868057438863787
3.0430900978954027
3.622242435478946
3.9177659900461177
4.257039212638988
4.4973573728866
4.72030838865208
5.03098553527579
5.490429403487684
5.850452627510467
6.032919104766464
6.266740993256797
6.725626267172504
7.3434412058111995
7.939931425529128
8.506657956443295
8.9559244328661
9.248742770232333
9.694810386092312
0.46546821600765903
1.0401089244479824
1.3948474620174964
1.8788325032295576
2.2161279364573687
2.4326361696802787
2.5613903292855267
2.7113947953470983
3.030655382230916
3.6082038320773955
4.121641825204378
4.622972750635957
5.084964973725746
5.427035472031349
5.830062852332414
6.088602851194768
6.349527248988159
6.86250789407437
7.585280444469262
8.165510885264442
8.730670353017008
9.257777756735669
9.550714114809567
9.816116347652331
0.37067180722233223
0.9019478129663064
1.139352791592904
1.376959773247693
1.7399474418373204
2.053561888828506
2.342759114796937
2.633243152650974
3.1111701895180115
3.79904077220896
4.387609221058858
4.812251459776027
5.377586438972582
5.743053235777908
6.03961946009992
6.465107746183232
6.855011251033142
7.555245479920883
8.163646964352257
8.634511789682819
9.045908244467919
9.51709651600863
9.722077711676635
9.88275791038106
0.25926873483478813
0.6695428038089698
0.9114714622641317
1.0953392337812788
1.262094369042385
1.5454966891286717
1.9648684227750557
2.4627272337950474
3.1651576301244155
3.9101891604220635
4.547312758518931
5.182734823677543
5.730737637132444
6.040412643306433
6.222773383342216
6.4877453798006215
6.956930955102616
7.577892070758143
8.01052727255265
8.245125525840058
8.685895150436872
9.216429397113231
9.490442442969911
9.79584683082824
0.08865459212168782
0.4195844286465922
0.8202933935027753
1.1126454683513445
1.343549942838331
1.6808888013079024
2.1255494990768247
2.5627812113277644
3.223083258222128
3.9429908516441925
4.404211515585026
4.652709068145513
5.272408685817562
5.7917756350353375
6.021839852992533
6.332556533442324
6.635253886530943
7.1086375347195
7.602369854700374
7.864691648486915
8.257195596231691
8.883194940723497
9.394268408229413
9.814765021404753
0.09456733525371724
0.41817736364714314
0.86472354337146
1.2853746578461624
1.617790190291574
2.5003614503304785
2.999563113694684
3.4272729283900443
3.813487997324262
4.160594339791007
4.394209920862478
4.729388940371773
5.1881616136373125
5.701614858166625
6.133027127670672
6.360739643150784
6.584183446991481
6.841776943511185
7.1987775360479915
7.515732857478477
7.738744391821894
8.586820032434828
9.525979985755136
9.87640789028302
0.15275070149527
0.4898232480155112
0.8586915358802278
1.1272424775676186
1.3163707244129665
1.656033356747504
2.1237770899460293
2.6741289513188318
3.3710904074983175
3.9622790437183366
4.41649494643803
4.862500137842816
5.186026510386829
5.502376597837119
5.966564032452833
6.265028363373817
6.459257041925998
6.740241095779449
7.148039387135957
7.6765341749473315
8.062360212437685
8.625593347026212
9.351499151224209
9.83409103493954
0.20753462658087407
0.7311736527741636
1.1436318044421188
1.4105947407084791
1.7444792481868703
2.1636936314447226
2.6596337085808632
3.088901317643168
3.5586092340132716
4.2168367959346265
4.838003468825482
5.135201404483799
5.474680093813501
5.936148860693657
6.429132147761216
6.866403431808159
7.286646129546466
7.824853833882531
8.23307486718492
8.477845388948513
8.85872555441027
9.235087972965554
9.534353536226863
9.833743095361674
0.44383442519121197
1.1145502607705118
1.535331301916164
1.8816657195874487
2.2716072899064312
2.9339317152732938
3.4830070084739053
3.743007879402371
4.041062751932791
4.509136751811211
5.078190569561884
5.644263985649341
6.113805809829881
6.386558311306639
6.503790367716354
6.564328521436345
6.693340346238638
6.8953994685450715
7.188600683617059
7.795110164857107
8.525775672830777
9.012060454986004
9.396137984102278
9.801571667758543
0.14701538266312505
0.6937316025005901
1.395959557317952
1.8439392970702024
2.0588207892912886
2.395256010735601
2.8830662685495305
3.4181034252316937
3.799156931800877
4.200499742555419
4.606048817969207
4.996212224462337
5.479862176057817
6.025366573167651
6.419316498991547
6.723119445967476
7.02101996727766
7.373204316887059
7.7089926501134
8.022790114139168
8.495505918887416
9.085940833679052
9.618738558313426
9.87258706344899
0.11074049796968073
0.6136175406318825
1.2381422837191132
1.5964323545408623
1.818820223602037
2.177500355368246
2.5312273238445027
3.085008256625165
3.7090965285317057
4.144141086082925
4.714117036621233
5.225062225617277
5.574404391554441
6.119563695110272
6.646221542517103
7.051067866237422
7.45218854186825
7.864600965387671
8.296043991673194
8.539387023673088
8.765057597339046
9.044821181898747
9.438231663175973
9.83359923116274
0.2085535374113694
0.49675771284822906
0.599189941148839
0.677427771968669
0.8172649216863563
1.0294763052325842
1.321297956601327
1.7363458838808303
2.2630163023262777
2.7063385311902763
3.25976852071645
3.7451768148657516
4.047727910062572
4.605907955710065
5.570407784907907
6.342181475694267
6.769994272435861
7.1995185379225015
7.833110146824453
8.410754192757727
8.868852537295531
9.28796554707351
9.641802888702042
9.922366102793335
0.15906403691657034
0.4551082250865792
0.7664734316116996
1.0244920887562061
1.1527395602841888
1.3688610849595424
1.7543296704933757
2.2204959097367714
2.6073165185956744
3.0215693843822296
3.550715413646067
4.212122362857788
4.782998934421237
5.381791692313525
6.006042035266968
6.541964342959629
7.178784474581835
7.855604190431768
8.301881221257162
8.824582955828753
9.231626376247295
9.508788333978208
9.750563312006951
9.928160940356278
0.10933978400182517
0.4020503278362955
0.8423950238075527
1.3304549068040203
1.679109739636044
2.161564826905853
2.936348189000009
3.4174649584971637
3.597863021854881
3.7660521694896594
4.3562083368706395
5.088398950432611
5.469569184121492
5.704366238595781
5.794701343974139
5.875977792764288
5.971654456833749
6.3942097378448075
7.345924167271349
8.263114401783495
8.783919996434614
9.165775880944931
9.431038612143245
9.762222018825168
0.0484660221313213
0.27274544029354597
0.6768653586853428
1.0052920440310604
1.3525221826363452
2.021075548601124
2.8146704963028726
3.32027241220206
3.58663100927358
4.144749673128263
4.847160331138693
5.16615486769148
5.418719638810774
5.80866077234521
6.12415868524732
6.321365801907155
6.586066682232154
6.796654273958406
7.0641874121546255
7.571245372424684
8.086257145920182
8.463675080200638
8.891704350631477
9.612705164203843
0.10719353241718231
0.3749538028448981
0.654853732203354
0.9766301971777441
1.3846218393466607
1.7872620976918654
2.158614036719082
2.5954223218849886
3.482034647635239
4.437311129763109
4.991019024521874
5.205065928951157
5.464013874696796
6.016104867425006
6.709566871197551
7.252297295930106
7.628241677318602
8.100097498841745
8.534226747005828
8.758755447538288
9.016029963488648
9.347931839872627
9.670030192759219
9.916049460285388
0.04062953448425413
0.10406522352593435
0.14284003860335892
0.18189859767654215
0.23461432680227637
0.34656173551365504
0.6306867811602711
0.9780785629076121
1.5193554969320349
2.0910035819999333
2.437953525834028
2.8602945848882566
3.736622274784527
4.450269275856757
5.472906408037681
5.978572435319677
6.182326399967066
6.240516635346931
7.595957997734744
8.175637325132062
8.528076568991608
9.084003770018603
9.678985600342246
9.894185523188618
0.12069666281607724
0.4466506250542222
0.702348032650644
0.7830062645884741
1.0987148370615611
1.386405207211584
1.7855504434561609
2.2050930633489862
2.6011384519767544
2.8450727153412942
3.2741659974295496
3.9156095378546163
4.5531420732901235
5.051888155320918
5.268237047938515
5.482991539906788
5.7298285021645485
6.0031084291124746
6.3596999777128
6.948263056974082
7.715544667693732
8.689705311243236
9.463849370589335
9.800590990182423
0.7355296743444194
1.6916804474272322
2.432547848706364
3.262630922530038
3.6226558099404
3.939940522034314
4.2259942651127
4.4393023632645905
4.5247502708575045
4.624846192838623
4.723352178187457
4.799321422609874
4.862852514920676
4.90413850092074
4.946562233740631
4.986250257658769
5.020777332063634
5.179836968629191
5.62304847198493
6.230574415544682
6.735426014157558
7.56178020521344
8.423060829573588
9.373445067400061
0.3975538805696779
1.0127016806679818
1.680773134710411
2.1255836414656173
2.4665703387091824
2.0698135124182584
2.560110262092462
3.5921340089028644
3.917493834464126
3.906641612277032
4.324473684843858
4.810666397675848
5.116701270333692
5.261154517360253
5.398621842285389
5.730745439641966
6.014200475742848
6.413619605435154
6.813413007144988
7.378961046581331
7.964024477227641
8.39031852915551
8.983564440856913
9.678054656696014
0.464108986937859
1.0864374279286575
1.3867853321438302
1.6831678331268953
1.860640698126716
1.9349646324620582
2.1490480657072593
2.6075980571854203
3.0502875359843737
3.440612710777006
3.91171133441742
4.621657805953978
5.849502493394448
7.006571111609296
7.574001137770281
7.8811321239201675
8.300948913241205
8.986774967503521
9.53128963416605
9.758941743579804
9.842289209992163
9.899551794321122
9.941822433852737
9.980430643888573
0.020458530379498657
0.060563469190057534
0.14396194696309653
0.2402117006505614
0.31800795005051197
0.4183550629377881
0.6499945830893062
0.8972985157028832
1.3422817468233759
2.0401114596014875
2.603578120042004
3.8038533908321344
4.860950726171082
6.022220049847752
7.065468133207316
7.532891887278746
7.737695375458501
8.044779896679056
8.54699514523027
9.015616278909445
9.10913389448351
9.31489028252337
9.563498997885452
9.886640058969382
0.15494274522456916
0.5381065728620968
0.9138925724711667
1.0486974706092185
1.4618832800380046
1.8459214184670765
2.103921084661759
2.3274936871057568
2.650689852013165
3.0715556835199402
3.7268924917688637
4.648006805706015
5.607252703953656
6.4743985636308325
7.192277392146562
7.38947990912694
7.5971139245102375
7.768767156548393
7.94592225757982
8.216082684711145
8.483404201702127
8.89229085998198
9.399179846051261
9.822118833278294
0.564921394266879
1.6993627582963948
2.5335061532669316
3.041418341888899
3.4093186807625555
3.823814653294394
4.266593374090786
4.516982292305466
4.723132882003865
4.837628457165411
4.891182995291501
4.9369450106611845
4.975985571029981
5.03543270879082
5.14355463384158
5.283502497613661
5.390679508159036
5.478516448779378
5.611076640144634
5.811749382763177
6.093953585739668
7.100503374472409
8.072333690542932
9.393163181963487
0.4481799106539723
1.3978508038679742
2.137696638127864
2.5261287030738857
3.0445575152690565
3.6915747563259242
4.162999495139939
4.410321205283122
4.611946745779376
4.779415083423276
4.924099143955725
5.07960986171824
5.161850563006119
5.381866177488231
5.896761620628319
6.45562438095068
7.033868866610793
7.358278227938314
7.748298023009175
8.096841850767236
8.286288325328945
8.525174765855773
8.884243976772462
9.56694612858448
0.6012560498665755
1.5579300868057524
2.078287287497128
2.376491353152257
2.824905802699195
3.5452794843330864
4.111398207864147
4.351720228823073
4.527721640792916
4.751184927029918
4.96083655166361
5.288231744263232
5.934231479623553
6.948494712107779
7.748148422546237
8.07378541716713
8.481882620677665
8.979944161813888
9.285955260268558
9.539212960361683
9.779338995149876
9.880254101365118
9.933287092394458
9.977664626687103
0.04568670618477123
0.13390631141240417
0.2876268112058769
0.424398314050224
0.49366124415705104
0.5794310400806796
0.7463007657095079
0.9807518592892914
1.2473765844226021
1.9968721628338588
3.816961486381806
5.84517018534179
6.869044604043824
7.794078298502561
8.330731773353552
8.55585468223147
8.922698096116553
9.242393512980694
9.487212904408832
9.649225561656294
9.786521531286729
9.86426886401251
9.918606631912304
9.972568574262922
0.36333588348103213
1.342222882411971
2.873167985525988
3.677563399882107
3.971740157164682
5.261270990011991
5.183665078207845
5.334110820061657
5.769406489670139
6.246906088292366
6.771079988363259
7.410078389438411
8.12162781546065
8.653579531952587
9.130770320753726
9.33919483341461
9.530572399483418
9.686069426271763
9.768501828970253
9.79541630215744
9.813571009998743
9.850753911452099
9.9017791693881
9.9631741536961
0.46138364494102063
2.613959337670935
4.774081824429315
5.4561644364832125
6.078207002348029
6.732209109552102
6.998520684598554
7.538181999553589
8.290142268544205
8.649927119352657
8.730681324251966
8.808292669598414
8.855299667757697
8.947940841581339
9.072280847311895
9.143648668948607
9.188053398986185
9.30724911325454
9.56195928562961
9.792071551197258
9.951333466009993
10.109672538721426
10.215544836616976
10.131792993940461
6.785830081301148
11.454630967126144
13.45905177012669
13.038615487016717
12.675461659590441
13.392616079167682
13.796536424065591
13.847510867531831
13.572652349887433
13.693081878262456
14.493382678152434
14.164322742897761
13.25526849626781
13.243973476187989
13.257719688047047
13.312052313036347
14.316009770350297
14.66985213057059
13.956640361371893
13.76668915482414
13.785575418365722
13.988028435612533
13.1598374775463
11.555177184888265
